[  0,  0,  0,  0,  0,  0,  0,  0,  0,  0,  0,  0,  0,  0,  0,  0,  0,  0,
  85, 97,  0,128,  0,  0,  0,  0,  0,  0,  0,  0,  0,  0,  0,  0,  0,  0,
   0,  0,  0,  0,  0,  0,  0,  0,  0,  0,  0,  0,  0,  0,  0,  0,  0,  0,
   0,  0,  0,  0,  0,  0,  0,  0,  0,  0,  0][  0,  0,  0,  0,  0,  0,  0,  0,  0,  0,  0,  0,  0,  0,  0,  0,  0,  0,
   0, 94, 95,  0,128,  0,  0,  0,  0,  0,  0,  0,  0,  0,  0,  0,  0,  0,
   0,  0,  0,  0,  0,  0,  0,  0,  0,  0,  0,  0,  0,  0,  0,  0,  0,  0,
   0,  0,  0,  0,  0,  0,  0,  0,  0,  0,  0][  0,  0,  0,  0,  0,  0,  0,  0,  0,  0,  0,  0,  0,  0,  0,  0,  0,102,
   0, 94, 93,  0,128,  0,  0,  0,  0,  0,  0,  0,  0,  0,  0,  0,  0,  0,
   0,  0,  0,  0,  0,  0,  0,  0,  0,  0,  0,  0,  0,  0,  0,  0,  0,  0,
   0,  0,  0,  0,  0,  0,  0,  0,  0,  0,  0][  0,  0,  0,  0,  0,  0,  0,  0,  0,  0,  0,  0,  0,  0,  0,  0,  0,128,
   0, 95,100, 93,  0, 85,  0,  0,  0,  0,  0,  0,  0,  0,  0,  0,  0,  0,
   0,  0,  0,  0,  0,  0,  0,  0,  0,  0,  0,  0,  0,  0,  0,  0,  0,  0,
   0,  0,  0,  0,  0,  0,  0,  0,  0,  0,  0][  0,  0,  0,  0,  0,  0,  0,  0,  0,  0,  0,  0,  0,  0,  0,  0,  0, 64,
   0, 92,102, 93,  0,128,  0,  0,  0,  0,  0,  0,  0,  0,  0,  0,  0,  0,
   0,  0,  0,  0,  0,  0,  0,  0,  0,  0,  0,  0,  0,  0,  0,  0,  0,  0,
   0,  0,  0,  0,  0,  0,  0,  0,  0,  0,  0][  0,  0,  0,  0,  0,  0,  0,  0,  0,  0,  0,  0,  0,  0,  0,  0,  0, 85,
   0, 94, 94, 99, 94,  0,128,255,255,255,255,255,255,255,255,255,255,255,
 255,  0,  0,  0,  0,  0,  0,  0,  0,  0,  0,  0,  0,  0,  0,  0,  0,  0,
   0,  0,  0,  0,  0,  0,  0,  0,  0,  0,  0][  0,  0,  0,  0,  0,  0,  0,  0,  0,  0,  0,  0,  0,  0,  0,  0,  0,128,
   0, 99, 95,101, 99,  0,  0,  0,  0,  0,  0,  0,  0,  0,  0,  0,  0,  0,
   0,  0,255,255,255,  0,  0,  0,  0,  0,  0,  0,  0,  0,  0,  0,  0,  0,
   0,  0,  0,  0,  0,  0,  0,  0,  0,  0,  0][  0,  0,  0,  0,  0,  0,  0,  0,  0,  0,  0,  0,  0,  0,  0,  0,  0,191,
 255,  0, 95, 93, 78,  0,  0,255,251,246,248,249,249,247,249,248,246,246,
 245,  0,  0,  0,  0,255,255,255,  0,  0,  0,  0,  0,  0,  0,  0,  0,  0,
   0,  0,  0,  0,  0,  0,  0,  0,  0,  0,  0][  0,  0,  0,  0,  0,  0,  0,  0,  0,  0,  0,  0,  0,  0,  0,255,255,  0,
   0,  0, 85,102,147,185,228,237,252,255,255,255,255,255,255,255,255,252,
 248,248,248,249,245,  0,  0,  0,255,255,  0,  0,  0,  0,  0,  0,  0,  0,
   0,  0,  0,  0,  0,  0,  0,  0,  0,  0,  0][  0,  0,  0,  0,  0,  0,  0,  0,  0,  0,  0,  0,  0,255,128,  0,  0,242,
 253,242,207,234,251,254,250,235,227,234,246,251,248,247,248,248,248,248,
 251,255,255,255,248,248,249,255,  0,  0,191,  0,  0,  0,  0,  0,  0,  0,
   0,  0,  0,  0,  0,  0,  0,  0,  0,  0,  0][  0,  0,  0,  0,  0,  0,  0,  0,  0,  0,  0,255,255,  0,  0,247,248,248,
 255,238,248,253,247,247,249,250,248,236,227,233,247,250,247,248,247,249,
 248,248,248,248,251,255,255,248,250,  0,  0,255,255,  0,  0,  0,  0,  0,
   0,  0,  0,  0,  0,  0,  0,  0,  0,  0,  0][  0,  0,  0,  0,  0,  0,  0,  0,  0,  0,255,  0,  0,249,249,255,255,252,
 234,234,250,246,248,248,248,247,248,250,248,235,226,239,250,247,249,239,
 240,249,247,248,248,248,248,255,255,249,247,  0,  0,255,  0,  0,  0,  0,
   0,  0,  0,  0,  0,  0,  0,  0,  0,  0,  0][  0,  0,  0,  0,  0,  0,  0,  0,  0,255,  0,  0,251,242,255,249,249,245,
 226,248,248,248,248,248,248,248,248,247,248,251,246,229,230,248,250,243,
 244,248,248,248,248,248,248,245,245,255,255,249,  0,  0,255,  0,  0,  0,
   0,  0,  0,  0,  0,  0,  0,  0,  0,  0,  0][  0,  0,  0,  0,  0,  0,  0,  0,255,  0,255,248,255,246,244,248,251,232,
 237,250,247,248,248,248,248,248,248,248,248,247,248,251,237,225,245,250,
 248,248,248,248,248,247,249,240,239,249,247,255,247,255,  0,255,  0,  0,
   0,  0,  0,  0,  0,  0,  0,  0,  0,  0,  0][  0,  0,  0,  0,  0,  0,  0,204,  0,245,248,255,248,249,249,248,246,227,
 248,248,248,248,248,247,249,241,236,250,247,248,248,247,251,243,224,242,
 250,247,248,248,248,248,248,248,248,248,248,248,255,248,250,  0,255,  0,
   0,  0,  0,  0,  0,  0,  0,  0,  0,  0,  0][  0,  0,  0,  0,  0,  0,255,  0,255,248,255,248,248,248,247,250,236,234,
 250,247,248,248,248,248,248,246,245,248,248,248,248,248,247,250,246,224,
 242,250,247,248,248,248,248,248,248,248,248,248,249,255,249,251,  0,255,
   0,  0,  0,  0,  0,  0,  0,  0,  0,  0,  0][  0,  0,  0,  0,  0,255,  0,255,248,255,249,248,248,248,247,249,228,244,
 249,248,248,248,248,248,248,248,248,248,248,248,248,248,248,247,249,246,
 224,244,249,247,248,248,248,248,248,248,248,248,248,248,254,249,250,  0,
 204,  0,  0,  0,  0,  0,  0,  0,  0,  0,  0][  0,  0,  0,  0,255,  0,  0,248,255,248,248,248,248,248,249,244,229,249,
 247,248,248,248,248,248,248,248,248,248,248,248,248,248,248,248,247,250,
 243,225,248,248,249,248,248,248,248,248,248,248,248,248,248,255,249,247,
   0,255,  0,  0,  0,  0,  0,  0,  0,  0,  0][  0,  0,  0,  0,255,  0,249,255,248,248,248,248,248,247,250,237,234,250,
 248,248,248,248,248,248,248,248,248,248,248,248,248,248,248,248,248,247,
 251,237,230,248,242,249,248,248,248,248,248,248,248,248,248,249,255,248,
 219,  0,255,  0,  0,  0,  0,  0,  0,  0,  0][  0,  0,  0,255,  0,250,252,248,247,247,248,248,248,247,250,232,240,248,
 241,248,248,248,248,248,248,248,248,248,248,248,247,248,248,248,248,248,
 247,250,231,234,239,249,247,248,248,248,248,248,248,248,248,248,248,255,
 249,  0,170,  0,  0,  0,  0,  0,  0,  0,  0][  0,  0,255,255,  0,247,255,250,237,240,249,248,248,247,249,229,245,246,
 236,249,247,248,248,248,248,248,248,248,248,248,249,248,248,248,248,248,
 249,249,245,227,249,248,248,248,248,248,249,244,235,249,247,248,248,248,
 255,247,  0,255,  0,  0,  0,  0,  0,  0,  0][  0,  0,255,  0,249,255,248,248,247,247,248,248,248,248,248,229,246,248,
 249,248,248,248,247,250,237,240,249,247,248,246,239,248,248,248,248,249,
 239,245,251,233,235,250,247,248,248,248,248,247,244,248,248,248,248,248,
 252,249,255,  0,255,  0,  0,  0,  0,  0,  0][  0,255,  0,  0,248,255,248,248,248,248,248,248,248,248,247,229,247,248,
 247,248,248,248,248,248,245,246,248,248,248,246,238,248,248,248,247,249,
 238,245,249,245,227,248,248,248,248,248,248,248,249,248,248,248,248,248,
 248,255,249,  0,255,  0,  0,  0,  0,  0,  0][  0,255,  0,248,255,248,248,248,248,248,248,248,248,248,247,229,248,248,
 248,248,248,248,248,248,248,248,248,248,248,248,249,248,248,248,248,248,
 249,248,247,250,231,239,250,247,248,248,249,248,248,248,248,248,248,248,
 248,248,254,247,  0,255,  0,  0,  0,  0,  0][  0,255,  0,248,255,248,248,248,248,248,248,248,248,248,247,229,247,248,
 248,248,248,248,248,248,248,248,248,248,248,248,248,248,248,248,248,248,
 248,248,248,249,242,229,250,247,248,247,245,248,248,248,248,248,248,248,
 248,248,255,248,  0,255,  0,  0,  0,  0,  0][255,  0,248,248,249,248,248,248,248,247,248,248,248,248,248,229,247,249,
 248,248,248,248,248,248,248,248,248,248,248,248,248,248,248,248,248,248,
 248,248,248,247,249,228,244,249,248,245,234,249,247,248,248,248,248,248,
 248,247,248,255,245,  0,255,  0,  0,  0,  0][255,  0,249,255,248,248,248,248,248,233,246,248,248,248,249,230,244,246,
 248,248,248,248,248,248,248,248,248,248,248,248,248,248,248,248,248,248,
 248,248,248,247,250,237,234,250,247,248,248,248,248,248,248,248,248,248,
 248,249,248,255,248,  0,255,  0,  0,  0,  0][255,  0,249,255,248,248,248,248,248,245,247,248,248,247,250,232,238,236,
 249,247,248,248,248,248,248,248,248,248,248,249,248,248,248,248,248,248,
 248,248,248,248,248,246,227,248,248,248,248,248,248,248,248,248,248,249,
 244,242,249,248,255,247,  0,255,  0,  0,  0][  0,248,248,249,248,248,248,248,248,248,248,248,248,247,250,234,238,250,
 247,248,248,248,248,248,248,248,248,249,244,241,249,248,248,248,248,248,
 248,248,248,248,247,250,231,240,249,247,248,248,248,248,248,248,247,249,
 242,239,249,248,255,249,  0,255,  0,  0,  0][  0,247,255,249,249,248,248,248,248,248,248,248,248,247,250,239,233,250,
 247,248,248,248,248,248,248,248,247,249,243,239,249,247,248,248,248,248,
 248,248,248,248,247,250,240,231,250,247,248,248,248,248,248,248,248,248,
 249,249,248,248,250,249,246,  0,255,  0,  0][  0,248,255,234,246,248,248,248,248,248,248,248,248,248,249,243,229,249,
 247,248,248,248,248,248,248,248,248,248,248,249,248,248,248,248,248,248,
 248,247,248,248,248,248,248,228,246,248,248,248,248,248,248,248,248,248,
 248,248,248,248,248,255,248,  0,255,  0,  0][  0,248,255,243,247,248,248,248,248,248,248,248,248,247,248,248,228,246,
 248,248,248,248,248,248,248,248,248,248,248,248,248,248,248,248,248,247,
 249,233,245,249,247,247,250,233,238,250,247,248,248,248,248,248,248,255,
 255,255,255,255,255,255,248,  0,  0,255,  0][244,249,251,249,248,248,248,248,248,248,248,248,248,249,248,250,231,241,
 249,248,248,248,248,248,248,248,248,248,248,248,248,248,248,248,248,248,
 248,245,247,248,248,247,249,242,230,250,247,249,248,248,248,252,255,247,
 249,248,248,247,248,247,248,244,  0,255,  0][246,253,248,248,248,248,248,248,248,248,248,247,249,239,243,251,237,234,
 250,247,248,249,248,248,248,248,248,248,248,248,248,248,248,248,248,248,
 248,248,248,248,248,248,248,249,228,245,248,243,248,248,255,248,248,255,
   0,  0,  0,  0,  0,  0,  0,  0,  0,  0,  0][247,255,248,248,248,248,248,248,248,245,247,248,249,240,244,249,244,228,
 249,248,248,235,247,248,248,248,248,248,248,248,248,248,248,248,248,248,
 248,248,248,248,248,248,247,250,234,237,250,233,247,255,248,246,  0,  0,
 191,255,191,255,191,255,255,  0,  0,  0,  0][247,255,248,248,248,248,248,248,248,233,246,248,247,249,248,247,249,229,
 243,249,247,242,247,248,248,248,248,248,248,248,248,248,248,248,248,248,
 248,248,248,248,248,248,247,249,242,230,250,249,255,248,255,  0,255,255,
   0,  0,  0,  0,  0,  0,  0,  0,  0,  0,  0][249,255,248,248,248,248,248,248,248,248,248,248,248,248,248,247,250,235,
 235,250,247,249,248,248,248,248,248,248,248,249,248,248,248,248,248,248,
 248,248,248,248,248,248,248,248,248,228,246,252,248,255,  0,213,  0,  0,
   0,  0,  0,  0,  0,  0,  0,  0,  0,  0,  0][248,255,248,248,248,248,248,248,248,248,248,248,248,248,248,248,249,244,
 228,249,247,247,248,248,248,248,248,248,247,241,249,248,248,248,249,251,
 252,252,250,248,249,248,248,248,251,233,239,255,248,  0,255,  0,  0,  0,
   0,  0,  0,  0,  0,  0,  0,  0,  0,  0,  0][247,255,248,248,248,248,248,248,248,248,248,248,248,248,246,246,248,250,
 229,243,249,247,248,248,248,248,248,248,245,235,251,255,255,255,248,249,
 248,248,248,254,255,255,255,255,250,240,238,251,  0,  0,255,  0,  0,  0,
   0,  0,  0,  0,  0,  0,  0,  0,  0,  0,  0][248,255,248,248,248,248,248,248,248,248,248,248,247,249,239,238,249,249,
 237,233,250,247,248,248,248,248,248,247,251,255,248,248,249,248,249,247,
 255,246,248,250,249,249,248,247,254,255,254,248,  0,255,  0,  0,  0,  0,
   0,  0,  0,  0,  0,  0,  0,  0,  0,  0,  0][248,254,248,248,248,248,248,248,248,248,248,248,248,248,247,247,248,248,
 247,227,247,248,248,248,248,248,247,255,247,234,255,  0,  0,  0,  0,  0,
   0,  0,  0,  0,  0,  0,  0,255,246,251,228,214,  0,255,  0,  0,  0,  0,
   0,  0,  0,  0,  0,  0,  0,  0,  0,  0,  0][248,251,247,249,248,248,248,248,248,248,248,248,248,248,248,248,248,247,
 250,232,238,250,247,248,248,248,255,251,100,  0,  0,170,255,191,255,255,
 255,255,255,255,255,255,255,  0,  0,  0,  0,  0,  0,  0,  0,  0,  0,  0,
   0,  0,  0,  0,  0,  0,  0,  0,  0,  0,  0][248,248,249,241,245,248,248,248,248,248,248,248,248,248,248,248,248,247,
 249,243,228,249,247,248,248,255,247,  0, 96,121,  0,128,  0,  0,  0,  0,
   0,  0,  0,  0,  0,  0,  0,255,255,255,  0,  0,  0,  0,  0,  0,  0,  0,
   0,  0,  0,  0,  0,  0,  0,  0,  0,  0,  0][248,247,249,237,244,249,248,253,255,255,255,251,252,255,255,255,255,248,
 247,250,230,241,249,248,255,249,  0,  0,114,121,  0,  0,  0,  0,  0,  0,
   0,  0,  0,  0,  0,  0,  0,  0,  0,  0,255,  0,  0,  0,  0,  0,  0,  0,
   0,  0,  0,  0,  0,  0,  0,  0,  0,  0,  0][248,248,247,250,249,255,255,248,247,248,251,250,246,248,248,249,248,255,
 255,250,241,230,250,255,249,  0,  0,  0,  0,121, 77,  0, 85,  0,  0,  0,
   0,  0,  0,  0,  0,  0,  0,  0,  0,  0,  0,  0,  0,  0,  0,  0,  0,  0,
   0,  0,  0,  0,  0,  0,  0,  0,  0,  0,  0][247,253,248,248,255,248,250,255,  0,  0,  0,  0,  0,  0,  0,  0,255,248,
 249,248,255,229,244,255,246,  0,255,  0,  0,119,108,  0,102,  0,  0,255,
 255,255,255,255,255,255,255,204,204,255,204,255,191,255,255,  0,  0,  0,
   0,  0,  0,  0,  0,  0,  0,  0,  0,  0,  0][248,252,248,255,248,223,  0,  0,255,255,255,255,255,255,255,255,  0,  0,
   0,249,251,247,254,252,  0,255,  0,128,  0,111,118,  0,255,255,255,  0,
   0,  0,  0,  0,  0,  0,  0,  0,  0,  0,  0,  0,  0,  0,  0,255,255,  0,
   0,  0,  0,  0,  0,  0,  0,  0,  0,  0,  0][248,255,250,247,  0,  0,255,255,  0,  0,  0,  0,  0,  0,  0,  0,255,255,
 255,  0,  0,252,227,232,  0,191,  0, 64,  0, 89,121,  0,  0,  0,  0,  0,
 255,255,255,255,255,255,255,251,247,249,250,252,251,248,170,  0,255,255,
   0,  0,  0,  0,  0,  0,  0,  0,  0,  0,  0][249,255,248,  0,255,255,  0,  0,  0,  0,  0,  0,  0,  0,  0,  0,  0,  0,
   0,255,255,  0,235,182,  0,  0,  0,  0,  0,  0,122, 77,  0,255,255,247,
 234,225,225,225,230,239,251,255,255,255,255,255,255,250,251,252,  0,  0,
 255,  0,  0,  0,  0,  0,  0,  0,  0,  0,  0][248,248,  0,255,  0,  0,  0,  0,  0,  0,  0,  0,  0,  0,  0,  0,  0,  0,
   0,  0,  0,255,  0,  0,  0,  0,  0,  0,128,  0,111,132,255,237,221,182,
 152,138,135,133,133,136,142,163,195,229,255,255,255,255,255,255,255,255,
   0,255,  0,  0,  0,  0,  0,  0,  0,  0,  0][250,  0,255,  0,  0,  0,  0,  0,  0,  0,  0,  0,  0,  0,  0,  0,  0,  0,
   0,  0,  0,  0,255,  0,  0,  0,  0,  0,182,  0, 90,168,214,155,132,140,
 146,150,150,151,150,150,152,133, 81, 30,215,219,169,165,175,188,243,255,
 255,  0,255,  0,  0,  0,  0,  0,  0,  0,  0][  0,255,  0,  0,  0,  0,  0,  0,  0,  0,  0,  0,  0,  0,  0,  0,  0,  0,
   0,  0,  0,  0,  0,  0,  0,  0,  0,255,  0,255,215,115,121,148,151,147,
 149,148,148,146,150,147,105, 35,  0,  0,  0,  0,  0,  0,  0,  0,  0,146,
 231,255,  0,255,  0,  0,  0,  0,  0,  0,  0][255,  0,  0,  0,  0,  0,  0,  0,  0,  0,  0,  0,  0,  0,  0,  0,  0,  0,
   0,  0,  0,  0,  0,  0,  0,  0,255,  0,255,227,164,118,134,150,144,160,
 154,147,147,152,137, 66,  0, 20, 29, 31, 22, 37, 46, 43, 44, 45, 43,  0,
  69,218,255,  0,255,  0,  0,  0,  0,  0,  0][  0,  0,  0,  0,  0,  0,  0,  0,  0,  0,  0,  0,  0,  0,  0,  0,  0,  0,
   0,  0,  0,  0,  0,  0,  0,255,  0,255,221,157,140,128,124,142,167,163,
 146,147,152,130, 33,  0, 32, 24, 21, 22, 25, 22, 20, 21, 21, 20, 20, 49,
   0, 69,229,255,  0,255,  0,  0,  0,  0,  0][  0,  0,  0,  0,  0,  0,  0,  0,  0,  0,  0,  0,  0,  0,  0,  0,  0,  0,
   0,  0,  0,  0,  0,  0,255,  0,  0,221,160,143,152,132,119,164,165,143,
 147,152,130, 19,  3, 30, 21, 22, 22, 22, 22, 22, 22, 22, 22, 22, 22, 18,
  44,  0,124,250,  0,  0,255,  0,  0,  0,  0][  0,  0,  0,  0,  0,  0,  0,  0,  0,  0,  0,  0,  0,  0,  0,  0,  0,  0,
   0,  0,  0,  0,  0,  0,  0,  0,228,170,142,149,150,137,120,150,148,146,
 151,137, 34,  0, 29, 21, 22, 22, 22, 22, 22, 22, 22, 22, 22, 22, 22, 22,
  19, 48,  0,191,255,  0,255,  0,  0,  0,  0][  0,  0,  0,  0,  0,  0,  0,  0,  0,  0,  0,  0,  0,  0,  0,  0,  0,  0,
   0,  0,  0,  0,  0,204,  0,247,185,138,151,148,147,149,135,121,149,149,
 146, 63,  0, 31, 21, 22, 22, 22, 22, 22, 22, 22, 22, 22, 22, 22, 22, 22,
  22, 24, 30,  0,244,255,  0,255,  0,  0,  0][  0,  0,  0,  0,  0,  0,  0,  0,  0,  0,  0,  0,  0,  0,  0,  0,  0,  0,
   0,  0,  0,  0,255,  0,255,195,139,150,147,148,144,174,144,119,144,153,
  97,  0, 32, 21, 22, 22, 22, 22, 22, 22, 22, 22, 22, 22, 22, 22, 22, 22,
  22, 21, 43,  0,152,255,242,  0,255,  0,  0][  0,  0,  0,  0,  0,  0,  0,  0,  0,  0,  0,  0,  0,  0,  0,  0,  0,  0,
   0,  0,  0,  0,  0,  0,224,160,147,148,148,146,154,173,129,120,142,131,
   0, 26, 23, 22, 22, 22, 22, 22, 22, 22, 22, 22, 22, 22, 22, 22, 22, 22,
  22, 22, 23, 34,  0,250,255,  0,255,  0,  0][  0,  0,  0,  0,  0,  0,  0,  0,  0,  0,  0,  0,  0,  0,  0,  0,  0,  0,
   0,  0,  0,255,  0,255,196,136,150,150,148,145,164,158,138,122,130, 74,
   0, 28, 22, 22, 22, 22, 22, 22, 22, 22, 22, 22, 22, 22, 22, 22, 22, 22,
  22, 22, 21, 45,  0,174,255,248,  0,255,  0][  0,  0,  0,  0,  0,  0,  0,  0,  0,  0,  0,  0,  0,  0,  0,  0,  0,  0,
   0,  0,255,  0,  0,228,155,146,151,162,146,148,165,148,145,129, 99,  0,
  29, 21, 22, 22, 22, 22, 22, 22, 22, 22, 22, 22, 22, 22, 22, 22, 22, 22,
  22, 22, 22, 34,  0, 90,255,255,  0,255,  0][  0,  0,  0,  0,  0,  0,  0,  0,  0,  0,  0,  0,  0,  0,  0,  0,  0,  0,
   0,  0,255,  0,255,212,133,148,157,165,143,154,164,145,149,135,110,  0,
  29, 22, 22, 22, 22, 22, 22, 22, 22, 22, 22, 22, 22, 22, 22, 22, 22, 22,
  22, 22, 22, 23, 31,  0,231,255,230,  0,255][  0,  0,  0,  0,  0,  0,  0,  0,  0,  0,  0,  0,  0,  0,  0,  0,  0,  0,
   0,255,  0,  0,249,176,142,145,162,162,142,159,165,143,152,122,118, 43,
  14, 24, 22, 22, 22, 22, 22, 22, 22, 22, 22, 22, 22, 22, 22, 22, 22, 22,
  22, 22, 22, 20, 44,  0,189,255,248,  0,255][  0,  0,  0,  0,  0,  0,  0,  0,  0,  0,  0,  0,  0,  0,  0,  0,  0,  0,
   0,255,  0,255,242,140,150,144,166,161,141,165,165,143,152, 67,108, 81,
   0, 30, 23, 22, 22, 22, 22, 22, 22, 22, 22, 22, 22, 22, 22, 22, 22, 22,
  22, 22, 22, 21, 43,  0,153,255,253,  0,255][  0,  0,  0,  0,  0,  0,  0,  0,  0,  0,  0,  0,  0,  0,  0,  0,  0,  0,
   0,255,  0,255,235,132,152,143,170,163,141,163,159,147,137,  0, 91,107,
   0, 29, 36, 42, 40, 34, 26, 22, 22, 22, 22, 22, 22, 22, 22, 22, 22, 22,
  22, 22, 22, 22, 39,  0,122,255,252,  0,255][  0,  0,  0,  0,  0,  0,  0,  0,  0,  0,  0,  0,  0,  0,  0,  0,  0,  0,
 255,  0,255,255,208,135,151,142,171,165,143,150,148,152,108,  0, 59,120,
   0, 21,  0,  0,  0,  0, 16, 40, 42, 35, 24, 20, 22, 22, 22, 22, 22, 22,
  22, 22, 22, 22, 35,  0, 95,255,255,  0,  0][  0,  0,  0,  0,  0,  0,  0,  0,  0,  0,  0,  0,  0,  0,  0,  0,  0,  0,
 255,  0,255,255,197,136,151,142,169,168,143,148,147,148, 69,  0, 25,104,
 157,234,211,186,154,108, 32,  0,  0,  0, 24, 44, 39, 26, 20, 22, 22, 22,
  22, 22, 22, 22, 34,  0, 83,254,255,255,  0][  0,  0,  0,  0,  0,  0,  0,  0,  0,  0,  0,  0,  0,  0,  0,  0,  0,  0,
 255,  0,253,255,201,135,152,143,164,171,143,148,150,136, 20, 28,  1, 68,
 194,255,255,255,250,246,235,206,166,109,  0,  0,  0, 14, 44, 37, 23, 20,
  22, 22, 22, 22, 33,  0, 82,255,255,  0,  0][  0,  0,  0,  0,  0,  0,  0,  0,  0,  0,  0,  0,  0,  0,  0,  0,  0,255,
   0,  0,254,255,207,136,151,145,158,173,144,148,152,116,  0, 36,  0, 86,
 154,249,238,229,236,234,239,255,255,249,228,188,128, 16,  0,  0, 35, 42,
  25, 21, 22, 22, 34,  0, 90,255,255,  0,255][  0,  0,  0,  0,  0,  0,  0,  0,  0,  0,  0,  0,  0,  0,  0,  0,  0,255,
   0,255,254,255,229,139,150,147,150,173,147,147,151, 93,  0,  5, 57,197,
 135,217,240,253,254,254,238,233,251,251,255,255,253,231,186,109,  0,  0,
  24, 30, 19, 22, 42,  0,136,255,255,  0,255][  0,  0,  0,  0,  0,  0,  0,  0,  0,  0,  0,  0,  0,  0,  0,  0,  0,255,
   0,255,255,253,248,156,145,149,145,169,152,146,149, 75, 10,  0,116,247,
 135,187,255,251,250,250,255,234,247,251,249,249,250,255,255,252,217,149,
   0,  0, 31, 18, 44,  0,208,255,248,  0,255][  0,  0,  0,  0,  0,  0,  0,  0,  0,  0,  0,  0,  0,  0,  0,  0,  0,255,
   0,255,255,250,255,192,136,151,144,162,159,145,148, 68, 27,  0,155,255,
 169,167,255,250,254,255,255,238,243,252,251,251,250,250,250,239,240,243,
 207, 44,  0, 43,  0,117,255,255,252,  0,255][  0,  0,  0,  0,  0,  0,  0,  0,  0,  0,  0,  0,  0,  0,  0,  0,  0,255,
   0,255,255,254,255,235,142,149,146,152,166,145,149, 76, 25,  0,178,255,
 207,128,246,255,241,222,251,234,247,252,251,251,250,253,236,236,249,243,
 242,151,  0, 51,  0,219,255,253,255,  0,255][  0,  0,  0,  0,  0,  0,  0,  0,  0,  0,  0,  0,  0,  0,  0,  0,  0,255,
   0,255,255,255,254,255,193,136,152,144,167,153,150, 97, 14,  0,187,255,
 234,120,215,255,119,  0,178,243,251,250,251,251,251,249,233,254,251,253,
 243,125,  0,  0,157,255,255,255,255,  0,255][  0,  0,  0,  0,  0,  0,  0,  0,  0,  0,  0,  0,  0,  0,  0,  0,  0,255,
   0,255,255,255,250,255,248,157,143,149,156,171,147,126, 20,  0,180,255,
 250,149,172,241,184,148,222,254,250,251,251,251,252,246,236,253,255,255,
 245, 67,  0, 63,241,255,255,255,  0,  0,255][  0,  0,  0,  0,  0,  0,  0,  0,  0,  0,  0,  0,  0,  0,  0,  0,  0,  0,
 255,  0,255,255,254,254,255,235,148,140,147,176,160,144, 79,  0,144,255,
 255,182,153,252,251,255,255,250,251,251,251,251,251,251,230,253,211,168,
 201, 23,  0,189,255,253,255,255,  0,255,  0][  0,  0,  0,  0,  0,  0,  0,  0,  0,  0,  0,  0,  0,  0,  0,  0,  0,  0,
 255,255,  0,255,255,255,253,255,239,172,131,147,176,152,137, 28,  0,219,
 255,229,124,238,254,248,250,251,251,251,251,251,250,252,245,237,139,111,
 188,  0, 89,248,255,255,255,255,  0,255,  0][  0,  0,  0,  0,  0,  0,  0,  0,  0,  0,  0,  0,  0,  0,  0,  0,  0,  0,
   0,255,  0,  0,255,255,255,250,255,254,220,171,152,139,142,127,  0, 53,
 184,180,100,214,255,249,251,251,251,251,251,251,251,250,252,249,243,255,
 236,  0,176,255,253,255,255,255,  0,255,  0][  0,  0,  0,  0,  0,  0,  0,  0,  0,  0,  0,  0,  0,  0,  0,  0,  0,  0,
   0,  0,255,  0,  0,255,255,255,253,255,254,249,234,206,179,163,139, 51,
   0,141,150,177,255,249,252,252,251,251,251,251,251,251,250,251,252,252,
 249, 89,208,255,252,255,255,255,  0,255,  0][  0,  0,  0,  0,  0,  0,  0,  0,  0,  0,  0,  0,  0,  0,  0,  0,  0,  0,
   0,  0,  0,255,  0,  0,255,255,255,233,221,223,241,255,255,249,241,231,
 235,255,203,134,248,253,239,244,250,251,251,251,251,251,251,251,250,250,
 255,127,172,255,255,255,255,  0,  0,255,  0][  0,  0,  0,  0,  0,  0,  0,  0,  0,  0,  0,  0,  0,  0,  0,  0,  0,  0,
   0,  0,  0,  0,255,255,  0,255,240,229,234,224,218,234,255,255,255,255,
 255,255,231,117,229,255,244,235,247,251,251,251,251,251,251,251,250,254,
 212,  0,  0,142,210,255,253,  0,191,  0,  0][  0,  0,  0,  0,  0,  0,  0,  0,  0,  0,  0,  0,  0,  0,  0,  0,  0,  0,
   0,  0,  0,  0,  0,  0,255,  0,  0,225,224,233,239,229,249,255,250,253,
 252,255,253,140,196,255,252,254,252,251,251,251,251,251,250,250,251,253,
 199,144,137,157,227,255,255,  0,255,  0,  0][  0,  0,  0,  0,  0,  0,  0,  0,  0,  0,  0,  0,  0,  0,  0,  0,  0,  0,
   0,  0,  0,  0,  0,  0,  0,255,255,  0,  0,222,224,223,231,255,255,255,
 253,251,255,179,154,248,241,245,250,250,252,251,251,252,253,254,255,255,
 255,255,255,255,255,254,255,  0,255,  0,  0][  0,  0,  0,  0,  0,  0,  0,  0,  0,  0,  0,  0,  0,  0,  0,  0,  0,  0,
   0,  0,  0,  0,  0,  0,  0,  0,  0,191,255,  0,  0,255,207,247,255,252,
 252,252,255,215,125,245,248,231,225,227,241,255,255,255,255,255,255,255,
 255,255,254,251,253,255,  0,255,  0,  0,  0][  0,  0,  0,  0,  0,  0,  0,  0,  0,  0,  0,  0,  0,  0,  0,  0,  0,  0,
   0,  0,  0,  0,  0,  0,  0,  0,  0,  0,  0,255,219,  0,221,239,253,251,
 253,254,255,242,123,223,255,250,237,221,222,233,255,255,255,255,255,255,
 255,255,255,  0,  0,  0,255,  0,  0,  0,  0][  0,  0,  0,  0,  0,  0,  0,  0,  0,  0,  0,  0,  0,  0,  0,  0,  0,  0,
   0,  0,  0,  0,  0,  0,  0,  0,  0,  0,  0,  0,255,  0,223,237,248,251,
 250,250,251,254,140,169,255,249,253,240,223,228,223,255,255,249,255,255,
   0,  0,  0,  0,255,255,  0,  0,  0,  0,  0][  0,  0,  0,  0,  0,  0,  0,  0,  0,  0,  0,  0,  0,  0,  0,  0,  0,  0,
   0,  0,  0,  0,  0,  0,  0,  0,  0,  0,  0,170,  0,227,227,236,253,250,
 251,251,249,255,182,141,254,250,250,253,239,236,225,  0,  0,  0,  0,  0,
 255,255,255,255,  0,  0,  0,  0,  0,  0,  0][  0,  0,  0,  0,  0,  0,  0,  0,  0,  0,  0,  0,  0,  0,  0,  0,  0,  0,
   0,  0,  0,  0,  0,  0,  0,  0,  0,  0,  0,255,  0,224,240,245,252,250,
 251,251,251,251,247,247,248,250,251,251,252,236,222,243,  0,255,255,255,
   0,  0,  0,  0,  0,  0,  0,  0,  0,  0,  0][  0,  0,  0,  0,  0,  0,  0,  0,  0,  0,  0,  0,  0,  0,  0,  0,  0,  0,
   0,  0,  0,  0,  0,  0,  0,  0,  0,  0,255,  0,219,224,236,249,251,251,
 251,251,251,251,249,248,248,248,250,250,251,249,240,222,  0,170,255,  0,
   0,  0,  0,  0,  0,  0,  0,  0,  0,  0,  0][  0,  0,  0,  0,  0,  0,  0,  0,  0,  0,  0,  0,  0,  0,  0,  0,  0,  0,
   0,  0,  0,  0,  0,  0,  0,  0,  0,  0,191,  0,225,236,233,252,250,251,
 251,250,252,243,243,248,248,247,249,251,250,252,245,235,223,  0,  0,255,
   0,  0,  0,  0,  0,  0,  0,  0,  0,  0,  0][  0,  0,  0,  0,  0,  0,  0,  0,  0,  0,  0,  0,  0,  0,  0,  0,  0,  0,
   0,  0,  0,  0,  0,  0,  0,  0,  0,  0,170,  0,225,235,237,253,250,251,
 250,252,245,240,249,247,248,248,250,251,251,250,253,241,238,222,  0,128,
   0,  0,  0,  0,  0,  0,  0,  0,  0,  0,  0][  0,  0,  0,  0,  0,  0,  0,  0,  0,  0,  0,  0,  0,  0,  0,  0,  0,  0,
   0,  0,  0,  0,  0,  0,  0,  0,  0,255,  0,219,227,232,240,253,250,250,
 251,249,239,248,248,248,248,248,250,251,251,251,250,252,245,225,  0,255,
 255,  0,  0,  0,  0,  0,  0,  0,  0,  0,  0][  0,  0,  0,  0,  0,  0,  0,  0,  0,  0,  0,  0,  0,  0,  0,  0,  0,  0,
   0,  0,  0,  0,  0,  0,  0,  0,  0,191,  0,225,227,223,243,252,250,251,
 252,240,245,248,248,245,250,252,250,250,250,249,252,251,251,250,248,  0,
   0,255,  0,  0,  0,  0,  0,  0,  0,  0,  0][  0,  0,  0,  0,  0,  0,  0,  0,  0,  0,  0,  0,  0,  0, 64, 85, 64,  0,
   0,  0,  0,  0,  0,  0,  0,  0,  0,  0,  0,225,228,200,248,255,249,248,
 241,242,249,247,248,239,251,254,249,247,248,247,252,253,248,255,255,248,
   0,  0,255,  0,  0,  0,  0,  0,  0,  0,  0][  0,  0,  0,  0,  0,  0,  0,  0,  0,  0,  0,  0, 85,  0,  0,  0,  0,  0,
  64,  0,  0,  0,  0,  0,  0,  0,  0,  0,255,  0,  0,  0,248,255,246,239,
 242,248,248,248,245,239,252,253,251,247,248,247,251,253,249,248,248,255,
 248,240,  0,255,255,  0,  0,  0,  0,  0,  0][  0,  0,  0,  0,  0,  0,  0,  0,  0,  0,  0, 85,  0, 67, 70, 74, 76, 85,
   0,  0, 85,  0,  0,  0,  0,  0,  0,  0,  0,255,255,  0,248,255,248,248,
 249,248,247,249,239,244,250,253,252,248,248,247,251,253,250,247,248,248,
 255,248,246,  0,  0,255,  0,  0,  0,  0,  0][  0,  0,  0,  0,  0,  0,  0,  0,  0,  0, 85,  0, 69, 72, 78, 67, 57, 61,
  75,  0,  0, 51, 85,  0,  0,  0,  0,  0,  0,  0,255,  0,255,248,255,249,
 248,248,249,243,240,249,248,252,253,250,247,247,251,254,254,255,248,248,
 248,255,248,247,247,  0,255,  0,  0,  0,  0][  0,  0,  0,  0,  0,  0,  0,  0,  0, 64,  0, 70, 78, 69, 45, 28, 30, 38,
  67, 73, 88,  0,  0, 36, 24,  0,  0,  0,  0,  0,  0,255,  0,250,245,248,
 248,248,244,238,248,248,247,251,253,252,248,247,252,255,251,246,255,255,
 255,255,255,255,247,255,  0,255,  0,  0,  0][  0,  0,  0,  0,  0,  0,  0,  0, 51,  0, 71, 76, 59, 29, 31, 41, 42, 40,
  38, 54, 54, 14, 26,114, 38,  0,  0,  0,  0,  0,  0,  0,255,  0,244,255,
 240,239,240,247,248,248,247,249,253,253,251,252,253,255,255,  0,248,248,
 247,248,248,251,248,246,  0,255,  0,  0,  0][  0,  0,  0,  0,  0,  0,  0,128,  0, 73, 72, 53, 18, 32, 42, 39, 39, 40,
  40, 37, 39, 38, 19, 19,  0,  9,  0,  0,  0,  0,  0,255,  0,235,249,254,
 248,248,249,248,248,248,248,247,250,253,253,253,254,255,247,  0,  0,  0,
 255,  0,246,248,240,  0,255,  0,  0,  0,  0][  0,  0,  0,  0,  0,  0,  0, 64,  0, 73, 54, 16, 29, 39, 40, 35, 18, 41,
  40, 41, 40, 41, 38, 29, 31, 24,  0,  0,  0,  0,  0,255,  0,249,255,248,
 248,248,248,248,248,248,248,248,248,250,252,252,251,251,249,255,  0,255,
   0,255,  0,  0,  0,255,  0,  0,  0,255,  0][  0,  0,  0,  0,  0,  0, 85,  0, 83, 60, 20, 27, 33, 40, 37, 38, 32, 40,
  40, 40, 40, 40, 41, 44, 42,  0,  0,  0,  0,  0,  0,255,  0,248,255,248,
 248,248,248,248,248,248,248,248,248,247,248,248,248,248,255,245,  0,255,
 255,255,255,255,255,  0,  0,  0,255,  0,  0][  0,  0,  0,  0,  0,  0, 85,  0, 74, 60, 19, 28, 37, 41, 36, 40, 41, 40,
  40, 40, 40, 40, 40, 42, 39,  0, 64,  0,  0,  0,255,  0,250,255,248,248,
 248,248,248,248,248,248,248,248,248,248,248,247,246,250,255,255,255,  0,
 204,  0,  0,  0,  0,  0,255,255,  0,  0,252][  0,  0,  0,  0,  0,128,  0, 68, 72, 67, 29, 27, 38, 45, 52, 44, 39, 39,
  39, 40, 45, 53, 46, 38,  0,  0,  0,  0,  0,255,  0,248,255,248,248,248,
 248,248,248,248,248,248,248,248,248,248,248,250,255,243,205,205,201,  0,
   0,  0,253,254,255,  0,  0,  0,  0,252,253][  0,  0,  0,  0,  0, 64,  0, 71, 76, 72, 44, 23, 45,  0,  0,  3, 54, 56,
  55, 49, 11,  0,  0, 65,  0,  0,  0,  0,  0,255,  0,248,248,255,255,252,
 248,248,248,248,247,247,247,248,248,253,255,255,199, 91,  0,  0, 24, 55,
   6,110,253,255,255,253,255,  0,253,255,252][  0,  0,  0,  0,  0,  0, 70, 71, 72, 73, 46, 32,  0,154,182, 76,  0,  0,
   0,  0, 77,164,123,  0,  0,  0,  0,  0,  0,  0,255,  0,  0,245,249,249,
 255,255,255,254,251,252,254,255,255,248,253,167,  0,  3, 59, 61, 52, 59,
   0,147,255,252,253,255,255,253,255,255,253][  0,  0,  0,  0, 64,  0, 71, 76, 71, 70, 35, 32,  0,101,216,235,211,193,
 196,216,236,240,122,  0,  0, 64,  0,  0,  0,  0,  0,255,  0,  0,  0,255,
 247,247,250,242,238,234,225,224,255,243,  0,  0,  0,  0, 35, 44, 44, 64,
   0,181,255,251,253,253,253,255,253,255,253][  0,  0,  0,  0,  0,  0, 70, 74, 72, 63, 25, 25, 35,  0,  0,104,161,166,
 210,255,190,  0, 48, 77,  0, 64,  0,  0,  0,  0,  0,  0,255,255,255,  0,
   0,  0,  0,116, 74, 61, 20,  0,  0,  0,255,191,  0,  0,  0,  0,  0,  0,
   0,242,255,253,253,253,253,253,253,255,255][  0,  0,  0, 85,  0, 71, 72, 70, 73, 57, 21, 29, 24, 36, 48,  0,  0,  0,
 161,224,173,  0, 59, 72, 59,  0,  0,  0,  0,  0,  0,  0,  0,  0,  0,255,
 255,255,  0,  0, 29, 41, 50, 57,159,  0,  0,  0,  0,  0,  0, 85,128,128,
   0,255,255,253,253,253,253,253,254,253,255][  0,  0,  0, 51,  0, 70, 76, 70, 73, 51, 21, 28, 27, 26, 29, 42, 52, 49,
  60, 88, 44, 29, 45, 75, 70,  0, 64,  0,  0,  0,  0,  0,  0,  0,  0,  0,
   0,  0,128,  0, 52, 52, 49, 46,  0,  0,  0,  0,  0,  0,  0,  0,255,  0,
   0,251,255,255,255,255,255,253,255,253,235][  0,  0,  0,  0,  0, 75, 73, 72, 73, 47, 22, 28, 27, 27, 27, 26, 26, 32,
  21,  0, 24, 23, 43, 76, 71,  0, 64,  0,  0,  0,  0,  0,  0,  0,  0,  0,
   0,  0, 64,  0, 48, 49, 49, 47,  0, 85,  0,  0,  0,  0,  0,  0,  0,  0,
   0,251,253,251,252,253,253,255,255,252,  0][  0,  0, 39, 40, 40, 39, 55, 67, 74, 45, 22, 28, 27, 27, 27, 27, 27, 25,
  29, 35, 30, 21, 42, 80, 71,  0, 85,  0,  0,  0,  0,  0,  0,  0,  0,  0,
   0,  0,128,  0, 49, 50, 51, 50,  0,  0,  0,  0,  0,  0,  0,  0,  0,  0,
   0,  0,  0,  0,  0,  0,244,251,253,253,  0][  0, 40, 40, 42, 41, 45, 41, 43, 60, 42, 25, 26, 26, 26, 26, 26, 26, 27,
  27, 27, 28, 24, 44, 73, 68,  0,128,  0,  0,  0,  0,  0,  0,  0,  0,  0,
   0,  0,  0,  0, 20, 31, 30,  0,  0,  0,  0,  0,  0,  0,  0,  0,  0,  0,
   0,255,255,204,255,  0,  0,  0,  0,  0,255][  0, 40, 45, 42, 40, 40, 42, 40, 37, 39, 38, 36, 35, 35, 33, 36, 34, 36,
  37, 35, 40, 38, 39,  0,  0,  0,  0,  0,  0,  0,  0,  0,  0,  0,  0,255,
   0,252,253,252,232,230,230,249,254,252,  0,255,  0,  0,  0,  0,  0,  0,
   0,  0,  0,  0,  0,255,255,255,255,255,  0][  0, 38, 40, 40, 40,  0,  0,  0, 42, 42, 40, 41, 41, 41, 37, 41, 38, 39,
  40, 37, 41, 39, 39,  0, 51,  0,  0,  0,  0,  0,  0,  0,  0,  0,  0,255,
   0,252,255,255,255,255,255,255,255,255,  0,255,  0,  0,  0,  0,  0,  0,
   0,  0,  0,  0,  0,  0,  0,  0,  0,  0,  0][  0,  0,  0,  0,  0,  0, 36,  0, 40, 40, 40, 40, 39, 40, 36, 39, 37, 38,
  39, 36, 40, 38, 41,  0,  0,  0,  0,  0,  0,  0,  0,  0,  0,  0,  0,255,
   0,255,253,253,252,252,252,255,252,  0,  0,255,  0,  0,  0,  0,  0,  0,
   0,  0,  0,  0,  0,  0,  0,  0,  0,  0,  0][  0,  0,  0, 64,  0,  0,  0,  0, 41, 42, 42, 42, 42, 42, 39, 39, 40, 38,
  40, 38, 40, 40, 41,  0,  0,  0,  0,  0,  0,  0,  0,  0,  0,  0,  0,255,
   0,255,253,255,253,253,253,255,253,  0,255,  0,  0,  0,  0,  0,  0,  0,
   0,  0,  0,  0,  0,  0,  0,  0,  0,  0,  0][  0,  0,  0,  0,  0,  0,  0,  0, 45, 40, 40, 41, 40, 40, 40, 36, 40, 36,
  38, 39, 37, 39, 41,  0,  0,  0,  0,  0,  0,  0,  0,  0,  0,  0,  0,255,
   0,255,254,255,253,253,253,255,255,  0,  0,255,  0,  0,  0,  0,  0,  0,
   0,  0,  0,  0,  0,  0,  0,  0,  0,  0,  0][  0,  0,  0,  0,  0,  0,  0,  0,  0,  0,  0,  0,  0,  0,  0, 51, 36, 32,
  28, 28, 32, 51,  0,  0,  0,  0,  0,  0,  0,  0,  0,  0,  0,  0,  0,255,
   0,255,253,255,254,255,255,255,252,255,255,  0,  0,  0,  0,  0,  0,  0,
   0,  0,  0,  0,  0,  0,  0,  0,  0,  0,  0][  0,  0,  0,  0,  0,  0,  0,  0,  0, 85,  0,  0,  0,  0,  0,  0,  0,  0,
   0,  0,  0,  0,  0,  0,  0,  0,  0,  0,  0,  0,  0,  0,  0,  0,  0,255,
   0,255,253,253,253,253,254,254,253,254,253,253,  0,255,  0,  0,  0,  0,
   0,  0,  0,  0,  0,  0,  0,  0,  0,  0,  0]